NR_NIR
4057
4058
4108
4109
4110
4151
4152
4168
4169
4170
4171
4172
4173
4174
4175
4211
4212
4213
4214
4215
4216
4217
4218
4219
4220
4221
4222
4234
4243
4244
4245
4246
4247
4248
4249
4250
4251
4252
4253
4254
4255
4256
4257
4258
4259
4260
4261
4262
4263
4264
4266
4267
4268
4269
4270
4271
4272
4273
4274
4275
4276
4277
4278
4279
4280
4281
4282
4283
4284
4285
4286
4287
4288
4289
4290
4291
4292
4294
4295
4296
4297
4298
4299
4300
4301
4302
4303
4304
4305
4306
4308
4309
4310
4311
4312
4313
4314
4315
4316
4317
4318
4319
4320
4321
4322
4323
4324
4325
4326
4327
4328
4329
4330
4331
4332
4333
4334
4335
4336
4337
4338
4339
4340
4341
4342
4343
4344
4345
4346
4347
4348
4349
4350
4351
4352
4353
4354
4355
4356
4357
4358
4359
4360
4361
4362
4363
4364
4365
4366
4367
4368
4369
4370
4371
4374
4375
4376
4377
4378
4379
4380
4381
4382
4383
4384
4385
4386
4387
4388
4389
4390
4391
4392
4393
4396
4397
4398
4399
4400
4401
4402
4403
4404
4405
4406
4407
4408
4409
4410
4411
4412
4413
4414
4415
4416
4417
4418
4419
4420
4421
4422
4423
4424
4425
4427
4428
4429
4430
4431
4432
4433
4434
4435
4436
4437
4438
4439
4440
4441
4442
4443
4444
4445
4446
4447
4448
4449
4450
4451
4452
4453
4454
4455
4456
4457
4458
4459
4460
4461
4462
4463
4464
4465
4466
4467
4468
4469
4470
4471
4472
4473
4474
4475
4476
4477
4478
4479
4480
4481
4482
4483
4484
4485
4486
4487
4488
4489
4490
4491
4492
4493
4495
4496
4497
4498
4499
4500
4501
4502
4503
4504
4505
4506
4507
4508
4509
4510
4511
4512
4513
4514
4515
4516
4517
4518
4519
4520
4521
4522
4523
4524
4525
4526
4527
4528
4529
4530
4531
4532
4533
4534
4535
4536
4537
4538
4539
4540
4541
4542
4544
4545
4546
4547
4548
4549
4550
4551
4552
4553
4554
4555
4556
4557
4558
4559
4560
4561
4562
4563
4564
4565
4566
4567
4568
4569
4570
4571
4572
4573
4574
4575
4576
4577
4578
4579
4580
4581
4582
4583
4584
4585
4586
4587
4588
4589
4590
4591
4592
4593
4594
4595
4596
4597
4598
4599
4600
4601
4602
4603
4604
4605
4606
4607
4608
4609
4610
4611
4612
4613
4614
4615
4616
4617
4618
4619
4620
4621
4622
4623
4624
4625
4626
4627
4628
4629
4630
4631
4632
4633
4634
4635
4636
4637
4638
4639
4640
4641
4644
4645
4646
4647
4648
4649
4650
4651
4652
4653
4654
4655
4656
4657
4658
4659
4660
4661
4662
4663
4664
4665
4666
4667
4668
4669
4670
4671
4672
4673
4674
4675
4676
4677
4678
4679
4680
4681
4682
4683
4684
4685
4686
4687
4688
4689
4690
4691
4694
4695
4696
4697
4698
4699
4700
4701
4702
4703
4704
4705
4706
4707
4708
4709
4710
4711
4712
4713
4714
4715
4716
4717
4718
4719
4720
4721
4722
4723
4724
4725
4726
4727
4728
4729
4730
4731
4732
4733
4734
4735
4736
4737
4738
4739
4740
4741
4742
4743
4744
4745
4746
4747
4748
4749
4750
4751
4752
4753
4754
4755
4756
4757
4758
4759
4760
4761
4762
4763
4764
4765
4766
4767
4768
4769
4770
4771
4772
4773
4774
4775
4776
4777
4778
4779
4780
4781
4782
4783
4784
4785
4786
4787
4788
4789
4790
4791
4792
4793
4794
4795
4799
4800
4801
4802
4803
4804
4805
4806
4807
4808
4809
4810
4811
4812
4813
4814
4815
4816
4817
4819
4820
4821
4822
4823
4824
4825
4826
4827
4828
4829
4830
4831
4832
4833
4834
4836
4837
4838
4839
4840
4841
4842
4843
4844
4845
4846
4847
4848
4849
4850
4851
4852
4853
4854
4855
4856
4857
4858
4859
4860
4861
4862
4863
4864
4865
4866
4867
4868
4869
4870
4871
4872
4873
4874
4875
4876
4877
4878
4879
4880
4881
4882
4883
4884
4885
4886
4887
4888
4889
4890
4891
4892
4893
4894
4895
4898
4899
4900
4901
4902
4903
4904
4905
4906
4907
4908
4909
4910
4911
4912
4913
4914
4915
4916
4917
4918
4919
4920
4921
4922
4924
4925
4926
4927
4928
4929
4930
4931
4932
4933
4934
4935
4937
4938
4939
4940
4941
4942
4943
4944
4945
4946
4947
4948
4949
4950
4951
4952
4953
4954
4955
4956
4957
4958
4959
4960
4961
4962
4963
4964
4965
4966
4967
4968
4969
4972
4973
4974
4975
4976
4977
4978
4979
4980
4981
4982
4983
4984
4985
4986
4987
4988
4989
4990
4991
4992
4993
4994
4995
4996
4997
4999
5000
5001
5002
5003
5004
5005
5006
5007
5008
5009
5010
5011
5012
5013
5014
5015
5016
5017
5018
5019
5020
5021
5022
5023
5024
5025
5026
5027
5028
5029
5030
5031
5032
5033
5034
5035
5036
5037
5038
5039
5040
5041
5042
5043
5044
5045
5046
5047
5048
5049
5050
5051
5055
5056
5057
5058
5059
5060
5061
5062
5063
5064
5065
5066
5067
5068
5069
5070
5071
5072
5073
5074
5075
5076
5077
5078
5079
5080
5081
5082
5083
5086
5090
5091
5092
5093
5094
5095
5096
5097
5098
5099
5100
5101
5102
5103
5104
5105
5106
5107
5108
5109
5110
5111
5112
5113
5114
5115
5116
5117
5118
5119
5120
5121
5122
5123
5124
5125
5126
5127
5128
5129
5130
5131
5132
5133
5134
5135
5136
5137
5138
5140
5141
5142
5143
5144
5145
5146
5147
5148
5149
5150
5151
5152
5153
5154
5155
5156
5157
5158
5159
5160
5161
5162
5163
5164
5165
5166
5167
5168
5169
5170
5171
5172
5173
5174
5175
5176
5177
5178
5179
5180
5181
5182
5183
5184
5185
5187
5188
5189
5190
5191
5192
5193
5194
5195
5196
5197
5198
5199
5200
5201
5202
5203
5204
5205
5206
5207
5208
5209
5211
5212
5213
5214
5215
5216
5217
5218
5219
5220
5221
5222
5223
5224
5225
5226
5227
5228
5229
5230
5231
5232
5233
5234
5235
5236
5237
5238
5239
5240
5241
5242
5243
5244
5245
5246
5249
5250
5251
5252
5253
5254
5255
5256
5257
5258
5259
5260
5262
5263
5264
5265
5266
5267
5268
5269
5270
5271
5272
5273
5274
5275
5276
5277
5278
5279
5280
5281
5282
5283
5284
5285
5286
5287
5288
5289
5290
5291
5292
5293
5294
5295
5296
5297
5298
5299
5300
5301
5302
5303
5304
5305
5306
5307
5308
5309
5310
5311
5312
5313
5314
5315
5316
5317
5318
5319
5320
5321
5322
5323
5324
5325
5326
5327
5328
5329
5330
5331
5332
5333
5334
5335
5336
5337
5338
5339
5340
5341
5342
5343
5345
5346
5347
5348
5349
5350
5351
5352
5354
5355
5356
5357
5358
5359
5360
5361
5362
5363
5364
5365
5366
5367
5368
5369
5370
5371
5372
5373
5374
5375
5376
5377
5378
5379
5380
5381
5382
5383
5384
5385
5386
5387
5388
5389
5390
5391
5392
5393
5394
5395
5396
5397
5398
5401
5402
5403
5404
5405
5406
5450
5451
5452
5453
5454
5455
5456
5457
5458
5459
5460
5461
5462
5463
5464
5465
5466
5467
5468
5469
5470
5471
5472
5473
5474
5475
5476
5477
5478
5479
5480
5481
5482
5483
5484
5485
5489
5490
5491
5492
5493
5494
5495
5496
5497
5498
5499
5500
5501
5502
5503
5504
5505
5506
5507
5508
5509
5510
5511
5512
5513
5514
22322
22323
22324
22325
22326
22340
22342
22343
22352
22354
22355
22356
22357
22363
22364
22365
22366
22367
22378
22379
22380
22381
22386
22391
22392
22393
22394
22395
22396
22397
22398
22399
22400
22401
22402
22403
22404
22405
22418
22419
22420
22421
22422
22423
22424
22425
22426
22427
22433
22434
22435
22437
22438
22449
22450
22451
22452
22453
22454
22455
22456
22457
22462
22470
22471
22480
22482
22484
22485
22487
22488
22489
22490
22491
22496
22498
22499
22515
22517
22523
22524
22525
22526
22527
22528
22529
22530
22531
22532
22533
22534
22535
22536
22538
22539
22540
22541
22542
22543
22545
22546
22547
22548
22549
22550
22551
22552
22554
22555
22556
22557
22558
22559
22560
22572
22573
22574
22575
22576
22577
22578
22579
22590
22592
22593
22595
22597
22598
22599
22600
22602
22603
22604
22609
22610
22611
22612
22621
22622
22623
22624
22625
22626
22635
22636
22637
22638
22641
22642
22644
22645
22646
22647
22650
22651
22652
22654
22655
22660
22661
22662
22663
22673
22674
22675
22681
22686
22687
22690
22691
22692
22704
22705
22706
22707
22713
22714
22715
22718
22721
22722
22723
22724
22725
22726
22727
22728
22732
22733
22734
22735
22736
22737
22739
22741
22748
22752
22753
22754
22761
22762
22768
22769
22770
22771
22772
22773
22774
22775
22780
22786
22787
22788
22789
22790
22791
22792
22793
22794
22797
22798
22799
22800
22801
22802
22803
22804
22805
22809
22814
22816
22818
22819
22820
22824
22825
22826
22827
22828
22829
22830
22843
22844
22845
22846
22847
22848
22849
22853
22861
22869
22871
22872
22877
22882
22883
22884
22885
22891
22892
22893
22894
22895
22896
22897
22898
22902
22903
22904
22908
22910
22911
22912
22913
22914
22915
22916
22922
22932
22933
22935
22936
22949
22955
22959
22960
22961
22962
22963
22964
22966
22967
22975
22980
22981
22996
22997
23000
23001
23002
23003
23004
23005
23006
23009
23010
23011
23017
23024
23034
23035
23047
23048
23049
23050
23051
23052
23053
23054
23055
23056
23059
23060
23061
23062
23063
23064
23072
23073
23086
23087
23088
23089
23090
23091
23092
23097
23098
23099
23107
23108
23109
23115
23125
23126
23127
23128
23131
23134
23135
23147
23148
23149
23151
23152
23153
23154
23155
23156
23161
23162
23163
23164
23165
23166
23167
23168
23169
23171
23172
23177
23178
23179
23185
23186
23187
23188
23189
23191
23192
23215
23216
23217
23218
23219
23225
23227
23236
23237
23238
23239
23240
23242
23250
23259
23260
23261
23262
23265
23266
23267
23268
23270
23271
23273
23274
23275
23282
23283
23284
23285
23293
23304
23309
23310
23311
23312
23313
23314
23322
23323
23324
23325
23331
23332
23333
23334
23335
23336
23337
23338
23339
23340
23342
23349
23351
23352
23361
23362
23363
23364
23365
23366
23367
23380
23381
23383
23387
23388
23389
23390
23391
23395
23396
23397
23398
23399
23400
23401
23402
23411
23412
23413
23417
23418
23419
23424
23425
23426
23427
23432
23433
23434
23436
23445
23446
23447
23448
23465
23466
23467
23468
23472
23473
23481
23482
23483
23485
23488
23489
23490
23491
23496
23497
23498
23499
23500
23501
23502
23516
23518
23519
23520
23525
23529
23541
23550
23553
23555
25741
25742
25745
25746
25748
25750
25751
25757
25759
25760
25767
25768
25769
25770
25771
25772
25781
25782
25783
25785
25786
25787
25788
25796
25798
25800
25807
25808
25809
25810
25811
25815
25816
25825
25826
25828
25833
25835
25836
25837
25838
25839
25840
25841
25842
25843
25844
25853
25854
25858
25859
25860
25861
25862
25864
25871
25872
25873
25875
25876
25877
25879
25880
25881
25882
25883
25893
25894
25895
25905
25906
25907
25908
25909
25912
25913
25914
25915
25924
25925
25926
25927
25928
25929
25930
25933
25935
25946
25947
25948
25953
25956
25960
25962
25968
25969
25970
25971
25972
25973
25978
25979
25980
25981
25982
25983
25984
25993
25994
25995
25996
25997
25998
25999
26005
26006
26007
26008
26012
26013
26018
26019
26027
26032
26033
26034
26035
26036
26042
26043
26051
26052
26053
26057
26064
26065
26066
26067
26079
26080
26081
26082
26083
26084
26085
26091
26092
26098
26100
26101
26102
26111
26112
26113
26119
26120
26121
26122
26132
26133
26134
26136
26137
26151
26152
26153
26166
26167
26168
26169
26172
26173
26174
26181
26187
26188
26189
26192
26193
26194
26195
26196
26197
26198
26199
26200
26207
26208
26214
26215
26216
26219
26220
26222
26223
26224
26225
26236
26237
26238
26247
26248
26250
26251
26253
26255
26256
26257
26258
26259
26260
26261
26262
26268
26269
26270
26271
26272
26279
26280
26281
26282
26289
26290
26291
26292
26293
26294
26308
26309
26320
26321
26322
26323
26330
26331
26333
26334
26335
26346
26349
26363
26364
26365
26366
26367
26368
26379
26380
26381
26382
26395
26396
26397
26399
26400
26401
26402
26404
26405
26406
26407
26408
26416
26417
26418
26422
26423
26424
26425
26426
26436
26437
26438
26439
26446
26447
26448
26449
26454
26455
26456
26457
26470
26481
26482
26483
26494
26499
26501
26502
26509
26510
26511
26512
26513
26514
26515
26533
26534
26535
26536
26537
26549
26550
26551
26552
26553
26554
26565
26566
26567
26568
26572
26581
26582
26583
26584
26585
26598
26601
26602
26608
26610
26619
26620
26621
26622
26623
26624
26636
26638
26639
26640
26654
26655
26657
26658
26659
26660
26661
26662
26663
26671
26672
26673
26674
26675
26677
26678
26679
26680
26685
26686
26687
26688
26689
26690
26697
26701
26702
26703
26704
26713
26715
26722
26734
26735
26736
26737
26738
26739
26740
26741
26750
26751
26757
26758
26759
26764
26765
26771
26772
26783
26784
26785
26786
26788
26789
26794
26796
26797
26798
26805
26806
26807
26808
26809
26817
26854
26855
26865
26867
26868
26875
26876
39899
39900
39901
39902
39903
39905
39906
39907
39908
39909
39910
39911
39912
39913
39914
39915
39916
39924
39929
39930
39931
39932
39936
39937
39944
39945
39946
39947
39949
39950
39951
39952
39953
39954
39955
39961
39965
39966
39967
39968
39969
39970
39971
39973
39974
39975
39976
39978
39988
39989
39990
39992
39993
39994
39995
39996
39997
39998
39999
40002
40005
40006
40007
40008
40018
40019
40020
40021
40022
40023
40024
40025
40026
40027
40028
40029
40030
40031
40032
40039
40040
40041
40042
40052
40053
40054
40059
40060
40061
40063
40064
40065
40074
40075
40076
40077
40078
40084
40085
40086
40087
40088
40089
40090
40091
40092
40093
40094
40097
40098
40099
40100
40101
40102
40103
40105
40106
40110
40111
40112
40113
40114
40115
40116
40117
40118
40119
40122
40124
40125
40126
40127
40128
40129
40130
40136
40137
40138
40139
40140
40141
40150
40151
40152
40153
40154
40155
40156
40158
40159
40161
40162
40163
40164
40165
40166
40167
40180
40181
40182
40183
40184
40185
40186
40187
40188
40191
40192
40194
40202
40203
40204
40205
40208
40209
40212
40213
40227
40230
40233
40234
40235
40236
40237
40238
40239
40241
40246
40247
40248
40249
40250
40251
40258
40259
40260
40262
40263
40264
40265
40266
40267
40268
40269
40270
40271
40272
40273
40274
40278
40288
40289
40291
40292
40293
40294
40295
40296
40297
40298
40299
40300
40301
40302
40303
40304
40306
40307
40313
40314
40315
40316
40317
40318
40319
40327
40330
40332
40333
40334
40343
40344
40345
40346
40347
40353
40354
40356
40358
40359
40360
40361
40373
40374
40375
40376
40377
40378
40379
40380
40381
40384
40385
40386
40387
40388
40401
40402
40403
40404
40405
40409
40410
40411
40412
40415
40416
40417
40418
40429
40430
40431
40432
40433
40434
40437
40441
40442
40443
40444
40445
40453
40457
40458
40459
40460
40462
40463
40464
40466
40469
40472
40473
40474
40480
40481
40482
40483
40486
40488
40489
40491
40492
40493
40503
40504
40506
40508
40523
40524
40525
40526
40529
40530
40531
40532
40533
40534
40535
40536
40537
40546
40547
40549
40551
40552
40553
40554
40555
40556
40557
40568
40569
40570
40571
40572
40573
40574
40581
40582
40585
40589
40590
40591
40592
40593
40594
40595
40597
40598
40599
40600
40601
40602
40603
40604
40607
40608
40615
40616
40617
40621
40622
40623
40624
40627
40628
40629
40630
40633
40634
40635
40638
40639
40640
40641
40647
40648
40649
40650
40651
40652
40653
40662
40663
40665
40666
40667
40668
40670
40688
40689
40690
40691
40692
40693
40696
40697
40709
40710
40711
40712
40713
40714
40718
40719
40720
40722
40723
40724
40725
40726
40727
40728
40731
40732
40734
40735
40736
40741
40742
40743
40744
40752
40753
40754
40762
40763
40767
40768
40769
40770
40771
40772
40773
40774
40778
40780
40797
40798
40799
40800
40801
40802
40803
40804
40807
40808
40809
40810
40811
40812
40813
40830
40831
40832
40833
40854
40855
40857
40858
40859
40860
40862
40863
40864
40865
40866
40867
40868
40869
40870
40871
40872
40874
40875
40876
40877
40878
40880
40881
40882
40883
40884
40885
40886
40887
40888
40889
40890
40891
40892
40893
40894
40895
40896
40897
40898
40899
40904
40905
40906
40907
40908
40917
40918
40928
40937
40938
40939
40940
40941
40942
40943
40944
40945
40948
40950
40951
40954
40955
40964
40965
40966
40967
40968
40969
40972
40973
40974
40975
40976
40979
40980
40981
40987
40988
40989
41000
41001
41002
41003
41004
41016
41023
41024
41025
41026
41027
41028
41036
41037
41039
41050
41051
41056
41065
41066
41067
41069
41070
41071
41072
41073
41077
41078
41079
41080
41081
41099
41100
41105
41106
41107
41108
41109
41110
41111
41113
41121
41122
41123
41124
41125
41132
41133
41134
41135
41136
41137
41158
41168
41169
41170
41171
41172
41174
41175
41176
41178
41180
41183
41186
41187
41188
41189
41190
41191
41192
41200
41205
41206
41207
41210
41211
41221
41222
41223
41224
41225
41228
41229
41230
41231
41232
41241
41242
41243
41244
41245
41246
41247
41249
41250
41256
41257
41258
41259
41262
41275
41276
41277
41278
41283
41285
41286
41291
41292
41293
41294
41295
41296
41297
41304
41305
41306
41307
41309
41310
41311
41312
41313
41314
41315
41316
41317
41318
41319
41320
41321
41324
41325
41326
41327
41328
41329
41336
41337
41338
41339
41340
41341
41342
41343
41353
41354
41355
41356
41357
41358
41359
41360
41361
41362
41363
41364
41368
41369
41370
41372
41380
41382
41383
41384
41385
41386
41387
41394
41395
41396
41397
41398
41399
41403
41417
41418
41419
41420
41421
41422
41423
41426
41428
41429
41430
41431
41432
41433
41434
41435
41436
41438
41444
41446
41447
41448
41449
41450
41451
41452
41455
41456
41457
41458
41459
41460
41461
41462
41463
41464
41465
41466
41467
41468
41469
41471
41481
41482
41483
41484
41485
41486
41487
41488
41489
41495
41496
41497
41498
41499
41501
41502
41507
41508
41509
41510
41511
41512
41534
41538
41539
41540
41541
41542
41543
41544
41545
41546
41547
41548
41549
41550
41551
41552
41553
41554
41555
41556
41557
41562
41563
41564
41565
41566
41567
41568
41569
41570
41571
41572
41573
41639
41640
41641
41642
41643
41658
41659
41660
41661
41662
46622
46623
46624
46625
46626
46628
46629
46630
46634
46635
46636
46637
46638
46642
46643
46644
46645
46647
46648
46658
46659
46661
46662
46663
46664
46665
46666
46667
46668
46669
46673
46675
46682
46683
46684
46685
46686
46687
46688
46689
46690
46691
46695
46696
46697
46698
46699
46700
46701
46702
46703
46709
46711
46712
46713
46714
46718
46719
46730
46738
46739
46740
46741
46742
46744
46747
46748
46749
46750
46751
46753
46754
46755
46756
46757
46760
46761
46762
46763
46764
46774
46779
46780
46787
46788
46794
46797
46798
46799
46800
46803
46804
46805
46806
46807
46808
46809
46810
46811
46812
46813
46815
46824
46825
46826
46827
46830
46831
46832
46833
46834
46835
46839
46840
46841
46842
46843
46844
46845
46846
46847
46848
46851
46852
46853
46854
46855
46856
46857
46862
46864
46866
46867
46868
46869
46870
46871
46872
46873
46874
46875
46876
46877
46879
46880
46881
46882
46883
46890
46891
46892
46893
46901
46902
46903
46904
46905
46906
46915
46916
46917
46918
46919
46920
46921
46928
46930
46931
46932
46933
46934
46935
46936
46937
46938
46939
46940
46941
46942
46943
46944
46945
46947
46948
46952
46953
46954
46955
46956
46957
46958
46959
46972
46973
46986
46987
46988
46990
46991
46993
46999
47000
47001
47002
47003
47004
47005
47006
47007
47008
47009
47010
47011
47012
47013
47014
47015
47016
47017
47018
47019
47020
47021
47022
47023
47025
47029
47030
47031
47032
47033
47040
47045
47046
47047
47048
47051
47052
47053
47054
47055
47056
47061
47062
47063
47064
47066
47067
47071
47072
47073
47074
47075
47076
47079
47080
47081
47082
47083
47084
47085
47086
47087
47091
47092
47093
47094
47102
47103
47106
47108
47111
47112
47113
47114
47115
47118
47119
47129
47131
47140
47141
47149
47150
47151
47152
47153
47154
47155
47156
47158
47159
47166
47176
47177
47178
47179
47180
47181
47182
47184
47185
47187
47204
47205
47206
47207
47210
47211
47212
47213
47214
47215
47216
47217
47228
47229
47230
47232
47233
47234
47236
47239
47240
47242
47243
47245
47246
47247
47248
47249
47250
47251
47252
47253
47254
47255
47256
47258
47259
47260
47261
47262
47263
47264
47265
47266
47267
47279
47280
47281
47283
47284
47297
47298
47299
47300
47301
47302
47303
47304
47306
47307
47308
47309
47322
47323
47324
47325
47326
47327
47328
47329
47331
47332
47339
47340
47341
47342
47343
47344
47345
47346
47348
47349
47350
47351
47352
47353
47361
47362
47364
47365
47366
47367
47368
47369
47370
47371
47372
47373
47374
47378
47379
47380
47381
47382
47383
47384
47385
47386
47387
47388
47401
47402
47403
47404
47405
47406
47407
47408
47409
47410
47411
47412
47415
47416
47417
47418
47419
47420
47421
47422
47423
47425
47426
47434
47435
47436
47437
47438
47439
47440
47441
47442
47443
47444
47449
47455
47457
47458
47459
47460
47461
47462
47463
47480
47481
47482
47483
47484
47485
47486
47487
47491
47501
47502
47503
47504
47505
47506
47507
47508
47509
47510
47511
47512
47513
47514
47515
47516
47517
47518
47519
47520
47521
47522
47526
47527
47531
47532
47533
47534
47535
47536
47537
47538
47539
47547
47548
47550
47551
47554
47559
47560
47561
47562
47568
47569
47570
47571
47575
47576
47587
47588
47589
47590
47591
47592
47593
47594
47596
47597
47599
47601
47611
47613
47614
47615
47616
47628
47629
47630
47631
47632
47634
47635
47636
47637
47638
47639
47640
47641
47642
47644
47645
47647
47648
47649
47666
47669
47670
47671
47672
47673
47675
47676
47677
47680
47681
47682
47685
47686
47687
47691
47692
47693
47702
47713
47714
47715
47716
47717
47718
47719
47720
47725
47730
47731
47732
47733
47734
47735
47736
47742
47743
47744
47745
47746
47748
47749
47750
47751
47752
47753
47754
47762
47763
47765
47770
47771
47772
47773
47774
47775
47776
47777
47778
47779
47780
47781
47782
47783
47784
47785
47786
47787
47788
47789
47790
47791
47792
47798
47799
47800
47801
47802
47819
47820
47821
47822
47823
47824
47825
47826
47827
47828
47850
47851
47852
47853
47854
47856
47857
47858
47859
47866
47868
47871
47872
47873
47878
47879
47880
47881
47893
47894
47895
47897
47898
47899
47900
47901
47902
47903
47905
47906
47911
47912
47913
47914
47915
47916
47917
47918
47919
47920
47921
47922
47923
47928
47929
47930
47931
47932
47933
47943
47946
47961
47962
47963
47964
47965
47976
47977
47978
47979
47980
47981
47982
47983
47984
47985
47986
47987
47997
47998
48000
48001
48002
48003
48004
48005
48006
48007
48008
48009
48010
48011
48018
48019
48020
48024
48025
48027
48028
48035
48036
48037
48040
48044
48045
48046
48047
48055
48056
48057
48058
48059
48060
48074
48075
48076
48077
48078
48079
48082
48083
48086
48096
48097
48099
48101
48102
48103
48104
48105
48108
48109
48110
48111
48112
48115
48121
48122
48123
48124
48125
48126
48128
48129
48130
48131
48132
48133
48134
48138
48139
48140
48141
48142
48143
48144
48145
48146
48147
48148
48150
48153
48158
48160
48161
48169
48170
48171
48172
48173
48174
48178
48179
48185
48190
48196
48197
48198
48199
48200
48204
48205
48208
48213
48214
48215
48226
48228
48229
48230
48231
48232
48233
48234
48235
48236
48237
48245
48246
48261
48263
48264
48265
48266
48267
48268
48269
48270
48271
48272
48273
48274
48275
48276
48277
48278
48279
48280
48281
48282
48283
48288
48289
48290
48291
48292
48293
48294
48295
48296
48303
48304
48305
48306
48307
48308
48309
48310
48314
48320
48321
48322
48323
48324
48329
48330
48331
48347
48348
48349
48351
48352
48353
48356
48357
48358
48359
48368
48369
48370
48371
48372
48373
48374
48375
48376
48378
48385
48387
48388
48389
48390
48391
48393
48394
48395
48396
48397
48398
48453
48454
48455
48458
48463
48464
48466
48478
48479
48482
48483
48484
48191
48421
48417
48414
48419
48420
48415
48416
48450
48433
48434
48431
48430
48429
48429
48432
48437
48435
48436
48448
48449
48447
48438
48488
48489
48485
48486
41600
41601
41583
41584
41585
41589
41588
41587
41586
41598
41620
41621
41594
41593
41619
41608
41615
41616
41617
41618
41607
41606
41605
41626
41624
41625
41623
41622
41671
41670
41669
41668
41667
41666
26821
26819
26820
26834
26834
26826
26835
26835
26828
26829
26833
26831
26832
26830
26844
26843
26850
26880
26879
23537
23536
23531
23535
23533
23512
23513
23514
23517
23524
23532
23527
23530
23534
5408
5441
5407
5422
5423
5424
5425
5426
5427
5428
5432
5431
5430
5429
5434
5411
5446
5442
5444
5445
5515
5410
5421
5443
5437
5433
5412
5413
5414
5415
5417
5416
5419
5418
5436
5439
5409
5438
5420
5435
5447
5448
5449
5440
48492
48501
48500
48499
48498
48497
48517
48516
48514
48513
48515
48496
48523
48524
48512
48512
48504
48504
48503
48505
48502
48531
48525
48526
48532
48533
48534
48527
48528
48529
48530
41684
41674
41673
41677
41672
41690
41691
41683
41683
41687
41687
41689
41688
41697
41695
41696
26885
26884
26883
26882
26898
26886
26886
23567
23571
23576
23587
23566
23588
23584
23585
23586
23592
23593
23579
23579
23581
5542
5538
5521
5535
5536
5522
5524
5540
5523
5526
5537
5525
5531
5527
5528
5533
5544
5529
5543
5541
5539
5520
5532
5519
5534
5516
5517
48565
48565
48546
48540
48541
48535
48557
48557
48564
48542
41707
41721
41708
41709
41710
41711
41713
41720
41729
41728
26903
26904
26908
26911
23603
23604
5545
5546
48572
48637
48637
48647
48647
48638
48638
48595
48596
48571
48574
48575
48573
48606
48606
48606
48604
48603
48600
48600
48601
48601
48605
48616
48569
48597
48598
48599
48599
48588
48592
48591
48590
48589
48593
48594
48594
48587
48622
48635
48635
48634
48636
48632
48633
48688
48688
48688
48607
48607
48619
48621
48620
48692
48692
48627
48629
48629
48630
48631
48628
48687
48669
48668
48667
48664
48665
48666
48690
48649
48673
48673
48672
48676
48689
48670
48680
48681
48682
48683
48684
48685
48686
48679
48678
48691
48677
48671
48675
48674
41790
41790
41732
41733
41731
41730
41730
41734
41751
41752
41742
41742
41743
41749
41749
41750
41750
41746
41754
41754
41745
41747
41747
41753
41741
41744
41748
41796
41765
41824
41824
41824
41762
41762
41776
41777
41774
41778
41779
41779
41780
41781
41781
41782
41783
41784
41785
41800
41800
41801
41804
41802
41805
41805
41803
41791
41794
41794
41795
41799
41819
41819
41823
41820
41821
41814
41815
41816
41817
41813
41818
41822
26943
26922
26924
26923
26928
26927
26929
26926
26930
26969
26969
26969
26939
26940
26941
26942
26958
26959
26960
26967
26967
26957
23623
23625
23625
23621
23622
23667
23613
23629
23629
23628
23628
23627
23626
23631
23645
23645
23646
23646
23648
23648
23648
23644
23647
23668
23669
23670
23671
23671
23672
23673
23673
23674
5548
5549
5550
5568
5547
5551
5552
5553
5554
5557
5555
5556
5561
5562
5559
5560
5565
5574
5566
5564
5563
5573
5558
5567
5577
5572
5579
5580
5578
5576
5575
5585
5587
5584
5586
5582
5581
5583
48698
48698
48710
48699
48715
48714
48713
48721
48720
48719
48719
48719
48736
48707
48707
48708
48708
48717
48722
48716
48728
48728
48729
48729
48730
48735
48727
41844
41845
41828
41827
41843
41843
41842
41857
41855
41856
41880
41858
41850
41847
41849
41848
41867
41869
41869
41874
41870
41871
41872
41872
41873
41875
41868
41866
41883
41881
41882
26972
26972
26971
26989
26999
26998
26987
26986
26995
26996
26997
27005
23643
23643
23701
23701
23682
23681
23680
23679
23678
23687
23687
23685
23688
23683
23684
23686
23686
23702
23700
23699
23699
23705
23705
23706
23706
23707
23712
23713
23714
23714
5602
5601
5604
5603
5605
5606
5592
5591
5597
5596
5595
5598
5608
5600
5600
5599
5599
5607
5623
5590
5593
5594
5609
5625
5628
5629
5619
5619
5610
5611
5624
5627
5626
5630
5620
5621
5614
5613
5616
5615
5617
5618
5622
5632
5631
48753
48752
48748
48748
48748
48751
48740
48739
48741
48742
48750
48750
48749
41901
41886
41886
41887
41887
41891
41894
41895
41897
41897
41898
41896
41907
27013
27022
27007
27018
27016
27017
27030
27029
23717
23717
23719
23718
23723
23724
23724
23734
23736
23737
23738
23735
5634
5636
5638
5635
5637
5633
5640
5639
5642
5641
48757
48786
48786
48785
48785
48781
48763
48773
48775
48771
48770
48778
48777
48780
48780
48790
48779
48774
48787
48789
48788
41925
41925
41924
41924
41914
41915
41916
41916
41917
41917
41910
41918
41921
41922
41923
41919
41920
41920
41932
41933
41936
41936
41939
41935
27033
27032
27032
27031
27031
27034
27035
27045
27046
23757
23751
23750
23750
23749
23749
23743
23744
23744
23745
23745
23747
23747
23748
23748
23755
23756
23761
23760
5646
5644
5643
5645
5647
48812
48795
48795
48794
48799
48807
48806
48801
48802
48803
48803
48804
48805
48800
48826
48827
48810
48810
48810
48809
48809
48809
48811
48811
48815
48813
48814
48816
41941
41941
41940
41958
41957
41963
41953
41955
41955
41962
41961
41960
41959
41959
41956
41954
41952
41964
41966
41967
41965
41975
41974
41973
41972
41971
41978
41968
41968
41968
41969
41969
41969
41970
41976
41979
41980
41983
41981
27055
27052
27053
27054
27051
27070
27069
27068
27056
27056
27056
27057
27057
27057
27058
27067
27066
27065
27072
23782
23762
23762
23763
23767
23767
23780
23787
23773
23773
23773
23774
23774
23774
23775
23776
23777
23778
5665
5661
5661
5652
5652
5649
5649
5667
5668
5666
5664
5664
5663
5653
5670
5669
5651
5651
5660
5656
5655
5654
5650
5671
5657
5659
5658
48860
48836
48852
48852
48840
48841
48842
48843
48848
48835
48849
48849
48856
48857
48857
48858
42018
42019
42017
42016
42014
42013
42012
42011
41991
42015
42007
42008
42009
42021
42020
27089
27089
27082
27083
27088
27087
27086
27085
27084
27079
27097
23819
23819
23819
23789
23796
23798
23788
23815
23815
23791
23792
23816
23818
23817
23800
23801
23802
23803
23804
23805
23790
23820
5699
5700
5672
5678
5679
5679
5677
5676
5680
5681
5675
5674
5673
5689
5689
5688
5687
5697
5698
5696
5695
5683
5682
5686
5694
5692
5691
5690
5690
5693
5684
5685
48893
48893
48893
48900
48900
48864
48862
48874
48874
48865
48866
48866
48875
48863
48863
48910
48909
48912
48913
48913
48911
42022
42024
42024
42023
42035
42036
42037
42038
42034
42034
42060
42062
42063
42063
42064
42066
42071
42065
42072
42070
42061
42074
42075
42073
42073
27108
27105
27107
27107
27129
23831
23830
23832
23832
23854
23855
5718
5718
5719
5708
5709
5706
5706
5707
5715
5713
5710
5711
5712
5717
5716
5704
5714
5705
48927
48938
48918
48915
48916
48917
48921
48914
48919
48920
48924
48925
48926
48922
48923
48937
48954
48964
48963
48963
48962
48962
48961
48961
48960
48960
48958
48957
48957
48956
48956
48955
48955
48952
48952
48953
42076
42101
42082
42083
42084
42085
42100
42102
42103
42105
42104
42106
42089
42090
42093
42110
42111
42111
42113
42114
42116
42117
42115
27132
27131
27148
27146
27145
27144
27142
27142
27141
27139
27143
23862
23862
23859
23865
23865
23857
23857
23858
23860
23860
23861
23861
23881
23882
23883
23885
23886
23887
23887
23888
23876
23876
23874
23874
23884
5767
5755
5755
5757
5769
5743
5768
5725
5725
5756
5756
5752
5733
5733
5761
5761
5741
5742
5742
5746
5746
5747
5728
5728
5729
5729
5730
5730
5731
5731
5732
5732
5740
5736
5736
5745
5745
5734
5724
5727
5727
5763
5763
5764
5765
5753
5758
5758
5759
5735
5737
5737
5726
5760
5770
5770
5738
5738
5762
5744
5744
5721
5721
5722
5723
5739
5739
5720
5720
5766
5749
5751
5748
5750
48993
48994
48992
48991
48984
48966
48965
48995
48999
48971
48998
48998
48998
48997
48983
49005
48990
48988
48989
49006
42137
42136
42134
42122
42144
42140
42139
42139
42141
42143
27165
27160
27159
27169
27170
27164
27171
27172
23890
23889
23895
23903
5799
5799
5773
5792
5809
5808
5782
5783
5787
5787
5788
5790
5790
5789
5786
5785
5779
5791
5791
5781
5777
5807
5806
5778
5804
5804
5803
5805
5802
5802
5801
5800
5800
5796
5780
5793
5794
5794
5797
5798
5795
5795
5784
5774
5776
5775
5772
5813
5810
5811
5812
49011
49035
49032
49033
49034
49052
49052
49029
49030
49025
49025
49025
49024
49024
49024
49027
49028
49026
49050
49049
49048
49047
42151
42178
42177
42179
42180
42181
42182
42204
42206
42171
42171
42172
42174
42173
42183
42183
42186
42186
42186
42184
42192
42192
42191
42185
42190
42190
42190
42209
42211
42211
42212
42210
42207
42207
42208
42214
42213
27211
27210
27198
27198
27198
27201
27201
27201
27202
27200
27214
23907
23907
23930
23929
23923
23922
23909
23921
23916
23915
23915
23917
23917
23908
23933
23938
23935
23934
23931
23931
23931
23932
23932
23932
23942
23953
23955
23954
5844
5845
5845
5842
5839
5821
5825
5825
5823
5823
5822
5815
5815
5850
5852
5851
5851
5830
5824
5836
5837
5838
5838
5841
5841
5843
5840
5840
5846
5846
5828
5829
5827
5826
5848
5848
5847
5847
5832
5833
5834
5835
5831
5820
5818
5819
5849


49062
49062
49061
49063
49059
49074
49070
49069
49077
49068
49068
49065
49064
49066
49067
49079
49080
49081
49082
49071
49083
49084
42239
42238
42238
42237
42236
42235
42233
42217
42216
42218
42228
42226
42229
42229
42225
42230
42230
42231
42227
42241
27233
27233
27232
27231
27231
27230
27223
27223
27226
27227
27228
27229
23973
23972
23971
23970
23960
23960
23961
23969
23969
23969
5858
5858
5862
5862
5855
5855
5857
5857
5856
5856
5854
5854
5853
5859
5859
5860
5861
5865
5866
5866
27235
27236
23976
23976
23974
23974
23978
23978
23977
23975
23975
23983
23983
23982
23982
23980
23979
23993
23991
23991
23988
23994
23990
23992
23989
23984
23987
23986
49097
49097
49085
49085
49096
49095
49098
49098
49098
49091
49090
49094
49093
49092
42251
42264
42267
42267
42244
42244
42244
42250
42266
42253
42254
42259
42257
42256
42256
42255
42268
27245
27246
27247
27247
27249
27249
27248
27254
23995
23995
23997
23998
23998
1319277.19
24018
24017
24002
24002
24001
24016
5868
5888
5888
5867
5887
5887
5873
5880
5892
5885
5882
5882
5903
5903
5904
5889
5870
5876
5875
5874
5871
5871
5877
5886
5893
5893
5884
5884
5883
5878
5878
5881
5881
5872
5872
5869
5869
5890
5890
5891
5891
5879
5879
5899
5894
5895
5902
5901
5900
5896
5897
5897
5898
5905
5908
5911
5911
5909
5906
5907
5907
5910

49152
49110
49111
49111
49163
49162
49115
49114
49114
49123
49117
49108
49109
49125
49124
49113
49131
49139
49150
49151
49116
49132
49122
49133
49141
49140
49144
49142
49143
49160
49165
49148
49147
49149
49146
49168
49168
49166
49166
49169
42282
42291
42278
42309
42302
42302
42295
42300
42303
42305
42296
42297
42298
42299
42312
42313
42314
27260
27267
27265
27264
27266
27283
27282
27278
27278
27279
27279
27281
27284
27285
27286
27287
27296
27296
24047
24028
24029
24041
24040
24027
24045
24046
24047
5953
5918
5923
5924
5921
5917
5952
5952
5925
5925
5926
5922
5919
5919
5920
5950
5950
5951
5951
5916
5954
5954
5944
5945
5956
5956
5955
5929
5928
5957
5937
5943
5940
5941
5942
5938
5939
5936
5935
5932
5934
5933
5931
5930
5915
5915
5927
5949
5948

49179
49194
49194
49187
49226
49173
49174
49175
49171
49176
49178
49177
49197
49195
49196
49198
49199
49217
49216
49215
49213
49214
49225
49225
49200
49200
49185
49186
49211
49211
49209
49210
49212
49208
49218
49219
42345
42348
42348
42331
42331
42326
42329
42325
42318
42321
42324
42323
42322
42320
42349
42361
42360
42356
42355
42354
42351
42344
42347
42346
42350
42369
42369
42368
42373
42372
42371
42370
42366
42367
27299
27298
27313
27314
27306
27306
27300
27304
27304
27305
27303
27302
27301
27326
27327
27325
27324
27323
27322
27321
27320
27319
27328
27330
27334
27333
27332
27331
27331
27346
27346
27337
27336
27338
24057
24057
24092
24092
24095
24093
24091
24094
24072
24072
24073
24073
24090
24090
24075
24089
24088
24087
24086
24074
24061
24078
24079
5967
5980
5979
5966
5971
5978
5977
5981
5981
5961
5961
5982
5983
5965
5963
5962
5960
5959
5959
5976
5958
5958
5970
5974
5975
5969
5968
5964
5973
5972


49228
49230
49232
49231
49229
49233
49238
49238
49238
49246
49237
49236
49241
49239
49239
49240
49259
49258
49257
49256
42379
42379
42415
42387
42391
42391
42385
42381
42381
42386
42384
42384
42416
42416
42389
42405
42390
42408
42406
42406
42411
42409
42407
42407
42404
42413
42417
42420
42420
42418
42419
27351
27348
27355
27347
27347
27349
24117
24102
24101
24106
24106
24103
24103
24104
24104
24105
24105
24119
24120
24118
5994
5987
5986
5988
5989
5985
5984
5990
5992
5991

49270
49274
49261
49273
49275
49271
49272
42437
42423
42422
42421
42435
42436
42440
42439
27369
27367
27370
27371
27372
27384
27385
27382
27381
24133
24121
24125
24124
6006
6009
5999
5999
6005
6005
6003
6003
6000
5998
5996
6002
6001
6007
6004
6011
6017
5995
6010
6014
6015
6008
6008
6013
6016


49305
49281
49281
49308
49285
49290
49289
49288
49287
49286
49291
49310
49309
49311
49318
49316
49301
49304
49303
49302
49307
49312
42445
42452
42449
42450
42453
42451
42462
42460
42456
42455
42458
42457
42461
42476
42473
42472
42475
42474
42465
27401
27399
27398
27397
27396
27400
27394
27393
27395
24135
24146
24147
24148
24144
24145
24153
24151
6022
6023
6029
6018
6021
6020
6019
6025
6024
6026
6027
6028
6032
6031
6030

49321
49320
49319
49324
49324
49322
42479
27421
27420
27419
27418
24158
24159
24160
6048
6052
6044
6043
6034
6042
6041
6040
6039
6038
6036
6045
6035
6046
6047
6037
6033
6051
6050
6049
49386
49386
49342
49341
49340
49339
49325
49363
49332
49335
49349
49348
49347
49343
49334
49344
49345
49354
49352
49355
49361
49362
49353
49346
49346
49387
49378
49382
49381
49380
49374
49376
49377
49379
49384
49385
49389
49390
42505
42487
42486
42495
42483
42488
42500
42496
42497
42499
42498
42503
42502
42501
42504
42557
42510
42511
42511
42509
42506
42507
42530
42538
42531
42547
42532
42544
42545
42548
42549
42524
42537
42521
42523
42522
42553
42542
42546
42546
42543
42552
42551
42550
42534
42539
42540
42518
42541
42519
42520
42556
42555
27433
27434
27435
27442
27441
27440
27439
27436
27438
27437
27445
27444
27443
27455
27453
24176
24169
24165
24170
24184
24175
24174
24191
24192
24194
24193
6060
6060
6059
6066
6067
6067
6075
6069
6070
6068
6057
6061
6073
6064
6063
6071
6062
6072
6056
6065
6058
6074
6078
6077
6077
6080
6076
6079

49415
49410
49410
49404
49404
49430
49414
49399
49400
49397
49413
49407
49427
49436
49433
49442
49438
49437
49434
49446
49447
49426
49443
49423
49422
49425
49421
49419
49419
49420
49451
49455
49450
49454
49444
49445
49453
42569
42564
42562
42561
42574
42590
42606
42602
42604
42605
42603
42589
42591
42596
42595
42594
42593
42592
42600
42601
42597
42607
42588
42585
42585
42587
42586
42581
42581
42582
42619
42615
42617
42616
27485
27459
27460
27458
27472
27491
27490
27489
27488
27492
27493
27487
27482
27483
27484
27473
27473
27474
27507
27506
27505
27504
27502
27502
27503
24203
24201
24231
24246
24228
24229
24239
24238
24237
24236
24230
24234
24233
24232
24221
24227
24211
24226
24226
24225
24225
24224
24223
24222
24254
24250
24249
6098
6085
6086
6084
6083
6082
6081
6081
6134
6088
6087
6104
6125
6102
6103
6101
6100
6127
6126
6121
6106
6107
6108
6119
6118
6120
6093
6095
6131
6130
6129
6097
6096
6094
6099
6133
6089
6091
6090
6092
6105
6122
6124
6123
6112
6128
6132
6113
6114
6116
6117
6115
49469
49477
49467
49468
49464
49463
49466
49465
49473
49462
49462
49472
49471
49483
49486
49485
49484
49482
42633
42645
42648
42646
42631
42627
42628
42629
42630
42632
42639
42640
42641
42641
42642
42636
42635
42634
42637
42638
42652
42653
42654
42655
42656
42660
42662
42661
27524
27516
27514
27513
27517
27515
27520
27521
27522
27523
27534
24265
24268
24255
24256
24257
24263
24277
24278
24280
6138
6137
6136
6143
6135
6144
6141
6140
6139
6146
6145
6142
6150
6151
6148
6149
6147
6153
6152
6154
49502
49501
49500
49498
49515
49503
49492
49509
49510
49505
49508
49506
49507
49517
49516
49519
49518
42664
42666
42667
27546
24285
24286
24297
24293
24291
24289
24282
6172
6169
6170
6164
6157
6174
6171
6163
6158
6159
6161
6167
6166
6165
6162
6155
6168
6160
6156
6173
49537
49551
49520
49531
49528
49529
49553
49552
49554
49550
49546
49542
49541
49543
49549
49559
49557
49556
49555
49560
42694
42681
42682
42697
42690
42691
42692
42714
42693
42693
42706
42707
42708
42709
27558
27563
27556
27555
27562
24298
24313
24312
24310
24311
6190
6182
6181
6180
6186
6176
6184
6185
6178
6177
6179
6188
6175
6189
6187
6183
49567
49571
49571
49565
49564
49563
49570
49569
49568
42726
42718
42717
42717
42727
42728
42729
42720
42721
42722
42723
27572
27573
27574
27578
27579
27580
24321
24327
24322
24324
24323
24325
24326
6191
6193
6192

49591
49588
49587
49586
49576
49572
49590
49605
49602
49580
49581
49582
49585
49593
49604
49594
49594
49595
49601
49606
49606
49607
49607
42738
42732
42739
42733
42736
42740
42730
42764
42743
42744
42745
42742
42756
42757
42754
42755
42758
42758
42761
42761
27610
27596
27595
27592
27591
27593
27594
27602
27602
27603
27603
24337
24342
24341
24340
24339
24338
24367
24343
24344
24345
24348
24346
24360
24361
24363
24362
24368
24368
6216
6267
6266
6241
6269
6220
6217
6244
6243
6245
6248
6260
6261
6264
6247
6211
6268
6249
6259
6296
6292
6293
6225
6276
6278
6208
6294
6265
6275
6279
6215
6240
6224
6252
6251
6257
6258
6250
6263
6262
6283
6285
6221
6228
6254
6255
6229
6256
6226
6227
6286
6282
6284
6281
6214
6214
6297
6298
6223
6287
6288
6246
6277
6280
6295
6253
6218
6219
6242
6289
6290
6300
6291
6222
6299
6209
6210
6201
6196
6198
6197
6203
6202
6212
6212
6213
6213
6205
6204
6207
6206
6200
6195
6194
6233
6239
6236
6231
6235
6238
6237
6230
6234
6199
6305
6306
6308
6307
6302
6304
6303
6301
6274
6272
6273
6271
6270
6232
49620
49626
49627
49622
49623
49624
49619
49616
49617
49618
49615
49613
49614
49612
49649
49649
49661
49661
49660
49660
49656
49655
49658
49657
49650
49650
49659
49653
49647
49648
49642
49646
49645
49644
49643
49641
49651
49652
42779
42773
42774
42770
42771
42772
42793
42776
42777
42778
42803
42804
42805
42807
42806
42808
42810
42811
42811
42809
27615
27614
27613
27620
27617
27616
27621
27637
27637
27636
27631
27635
27633
27634
27632
27638
27638
27641
27642
27644
27645
24388
24370
24387
24387
24385
24385
24397
24398
24393
24394
24395
24396
6309
6325
6323
6324
6318
6312
6313
6314
6315
6317
6316
6322
6321
6320
6319
49677
49676
49664
49663
49670
49673
42818
42818
42817
42817
42813
42813
42815
42815
42814
42816
42812
42812
42820
42834
27659
27658
27656
27657
27672
27673
27674
27665
24427
24415
24410
24430
24430
24429
24429
24428
24428
24426
24425
24431
24431
24409
24413
24408
24414
24423
24424
6336
6337
6338
6334
6331
6335
6332
6333
6329
6330

49687
49695
49689
49694
49693
49692
49690
49688
49696
49683
49684
49685
49686
49686
49712
49701
49707
49706
49705
49702
49704
49703
49711
49714
49708
49709
49731
49710
49736
49732
49735
49734
49733
42840
42841
42842
42843
42844
42848
42846
42845
42850
42858
42857
42853
42852
42851
42838
42836
42836
42839
42876
42868
42869
42860
42861
42862
42863
42864
42865
42866
42867
42879
42871
42872
42875
42875
42894
42895
27679
27678
27677
27676
27675
27680
27683
27684
27685
27692
27693
27694
24446
24434
24435
24436
24437
24438
24439
24440
24441
24452
24453
24454
24457
24458
24459
24455
6361
6360
6371
6372
6363
6362
6343
6365
6366
6364
6369
6368
6367
6342
6370
6344
6352
6359
6353
6355
6358
6356
6357
6351
6349
6348
6347
6350
6354
6346
6345
49737
49747
49745
49746
49738
49770
49748
49751
49750
49758
49761
49757
49757
42902
42900
42901
42904
42903
42898
42899
42897
42920
42919
42918
42917
42917
27705
27706
27725
27709
27710
27711
27723
27722
27724
27724
24475
24490
24489
24477
24476
24486
24486
6376
6377
6379
6378
6381
6380
6382
6393
6395
6394
6383
6384
6385
6388
6386
6387
6389
6390
6392
6391
6406
6405
6398
6403
6404
6400
6399
6402
6401
6407
49792
49776
49771
49774
49772
49775
49780
49781
49784
49782
49791
49777
49778
49778
49790
49807
49799
49800
49801
49802
49803
49806
42921
42924
42925
42926
42928
42929
42930
42927
42945
42944
42947
42946
42938
42943
42940
42940
42939
42959
42960
42961
42962
42963
42964
42965
42966
27721
27733
24495
24499
24498
24497
24496
24494
24511
24493
24508
24509
24510
49812
49809
49810
49813
42980
42979
42978
42977
42976
42973
42972
42972
42969
42970
42971
27740
27744
27743
27742
24512
6412
6409
6410
6411
6421
6420
6408
6416
6415
6414
6422
6413
6419
6418
6423
6417
6425
6427
6428
6430
6429
6426
6424

